  File: /opt/techcorp/devproject/
  Size: 4096      	Blocks: 8          IO Block: 4096   directory
Device: 8,2	Inode: 535030      Links: 2
Access: (0770/drwxrwx---)  Uid: (    0/    root)   Gid: ( 1016/ devteam)
Access: 2026-05-23 08:31:14.581474053 +0700
Modify: 2026-05-23 08:29:37.083690460 +0700
Change: 2026-05-23 08:29:37.083690460 +0700
 Birth: 2026-05-23 08:27:29.547362037 +0700
